200 0
A1 1 1
A2 1 0
A3 1 0
C23 1 0
C24 1 0
C25 0 0
C26 1 0
C27 1 0
C4 0 0
A5 1 0
C50 1 0
C51 1 0
C52 0 0
C53 1 0
A54 1 0
C76 1 0
C77 0 0
C78 0 0
A79 1 1
C86 0 0
C87 0 0
A88 0 0
C102 1 0
C103 1 0
C104 0 0
C105 0 0
C106 1 0
C89 0 0
C90 0 0
A91 0 0
C107 1 0
C108 0 0
A109 0 0
C121 1 0
C122 1 0
C123 0 0
C124 1 0
C125 0 0
C126 0 0
A127 0 0
C198 1 0
C199 1 0
C128 0 0
C129 0 0
C130 1 0
C110 1 0
C111 1 0
C112 0 0
C113 0 0
C114 1 0
C115 0 0
C116 1 0
C92 0 0
C93 0 0
A80 1 0
A117 1 0
C155 1 0
C156 1 0
C157 0 0
A158 0 2
C165 0 0
C166 0 0
C167 0 0
C168 0 0
C169 0 0
C170 0 0
C171 0 0
C172 0 0
C173 0 0
C174 0 0
C159 1 0
C160 0 0
C161 0 0
C162 1 0
C163 0 0
C164 0 0
C118 1 0
C119 1 0
C120 1 0
C81 0 0
C82 0 0
A55 0 1
C192 0 0
C193 0 0
C194 0 0
C195 0 0
C196 0 0
C197 0 0
C56 1 0
C57 1 0
C6 1 0
A7 1 0
C17 1 0
C18 1 0
A19 0 2
C99 0 0
A100 0 0
C135 1 0
A136 0 1
C175 0 0
C176 0 0
C177 0 0
C178 0 0
A179 0 2
C184 0 0
C185 0 0
C186 0 0
C187 0 0
C188 0 0
C189 0 0
C190 0 0
C191 0 0
C180 0 0
C181 0 0
C182 0 0
C183 0 0
C137 0 0
C138 1 0
C101 0 0
C20 0 0
A21 0 0
A41 1 0
C65 1 0
A66 1 1
C145 0 0
C146 0 0
C147 0 0
C148 0 0
C149 0 0
C150 0 0
C151 0 0
C152 0 0
C153 0 0
C154 0 0
C67 1 0
C68 0 0
C42 0 0
C43 1 0
C44 0 0
A45 1 2
C131 0 0
C132 0 0
C133 0 0
C134 0 0
C46 0 0
C47 0 0
C48 0 0
C49 1 0
C22 0 0
A8 0 1
A10 0 2
A13 0 2
A28 0 0
C69 1 0
C70 0 0
C71 0 0
A72 0 1
C139 0 0
C140 0 0
C141 0 0
C142 0 0
C143 0 0
C144 0 0
C73 0 0
C74 0 0
A75 1 0
C83 1 0
C84 1 0
C85 1 0
C29 0 0
A30 0 1
C58 0 0
C59 0 0
C60 0 0
C61 0 0
C62 0 0
C63 0 0
C64 0 0
C31 0 0
C32 0 0
A33 0 2
C200 0 0
C34 0 0
C35 0 0
C36 0 0
C14 0 0
A15 0 1
C37 0 0
C16 0 0
A11 0 0
A38 1 0
C94 1 0
C95 0 0
C96 0 0
C97 0 0
C98 1 0
C39 1 0
C40 0 0
C12 0 0
C9 0 0
1 2
2 3
2 9
2 10
2 91
2 92
2 150
2 200
3 4
3 5
3 6
3 7
3 8
10 11
10 12
10 13
10 14
10 15
10 82
10 89
10 90
15 16
15 17
15 18
15 19
15 55
15 80
15 81
19 20
19 21
19 22
19 28
19 29
19 30
19 53
19 54
22 23
22 24
22 25
22 26
22 27
30 31
30 32
30 33
30 46
30 47
30 48
30 49
30 50
30 51
30 52
33 34
33 35
33 36
33 37
33 38
33 39
33 40
33 43
33 44
33 45
40 41
40 42
55 56
55 77
55 78
55 79
56 57
56 58
56 59
56 60
56 71
56 72
56 73
56 74
56 75
56 76
60 61
60 62
60 63
60 64
60 65
60 66
60 67
60 68
60 69
60 70
82 83
82 84
82 85
82 86
82 87
82 88
92 93
92 94
92 95
92 120
92 121
92 149
95 96
95 97
95 119
97 98
97 99
97 117
97 118
99 100
99 101
99 102
99 103
99 104
99 113
99 114
99 115
99 116
104 105
104 106
104 107
104 108
104 109
104 110
104 111
104 112
121 122
121 137
121 138
121 139
121 140
121 145
121 146
121 147
121 148
122 123
122 124
122 135
122 136
124 125
124 126
124 127
124 128
124 129
124 130
124 131
124 132
124 133
124 134
140 141
140 142
140 143
140 144
150 151
150 190
150 199
151 152
151 186
151 187
151 189
152 153
152 170
152 171
152 179
152 180
152 181
152 183
152 184
152 185
153 154
153 155
153 156
153 157
153 164
153 165
153 166
157 158
157 159
157 160
157 161
157 162
157 163
166 167
166 168
166 169
171 172
171 173
171 174
171 175
171 176
171 177
171 178
181 182
187 188
190 191
190 197
190 198
191 192
191 193
191 194
191 195
191 196
