500 0
A1 1 1
C2 1 0
C3 1 0
A4 1 0
C5 1 0
A6 1 2
C106 0 0
A107 1 1
C183 0 0
C184 1 0
C185 1 0
C186 1 0
C187 1 0
C108 1 0
C109 1 0
C110 1 0
C7 0 0
A8 1 0
A11 1 0
C267 1 0
C268 0 0
C269 1 0
C270 0 0
C271 1 0
C272 0 0
A12 1 0
C19 1 0
C13 1 0
C14 1 0
C15 1 0
A16 1 0
C65 1 0
C66 1 0
A67 0 1
C78 0 0
A79 1 0
C341 1 0
C342 1 0
C343 0 0
C344 1 0
A80 1 0
C302 1 0
C303 1 0
A304 0 0
C448 1 0
C449 0 0
C450 0 0
C451 0 0
C452 1 0
C453 1 0
C454 1 0
C455 0 0
C456 0 0
C305 1 0
C81 1 0
C68 0 0
C69 0 0
A70 0 2
C71 0 0
A72 1 2
C363 0 0
C364 1 0
C365 1 0
C366 1 0
A367 1 1
C472 0 0
C368 0 0
C369 1 0
A370 1 0
C417 1 0
C418 1 0
C419 0 0
C420 1 0
C421 1 0
C422 1 0
C423 1 0
C371 1 0
C372 1 0
C73 1 0
C74 1 0
A75 1 0
C273 1 0
C274 0 0
C275 0 0
C276 0 0
C277 0 0
C278 0 0
C279 1 0
C280 0 0
A281 1 2
C392 0 0
C393 1 0
C394 1 0
C395 1 0
C396 1 0
C397 1 0
C398 1 0
C399 1 0
C400 1 0
C282 1 0
A76 1 0
C188 1 0
A189 1 1
C234 0 0
C235 1 0
C190 1 0
C191 1 0
C192 1 0
C77 1 0
A17 0 1
A20 0 0
C424 1 0
C425 1 0
C426 1 0
C427 0 0
C428 1 0
C429 0 0
C430 0 0
C431 0 0
A21 1 0
A283 1 0
A290 1 0
C373 1 0
C374 0 0
C375 1 0
C376 0 0
C377 1 0
C378 0 0
C379 0 0
C380 0 0
C291 1 0
C292 1 0
C293 1 0
A22 1 0
A23 1 0
C100 1 0
C101 0 0
C102 1 0
A103 0 2
C168 0 0
C169 1 0
C170 1 0
C171 1 0
C172 1 0
A173 1 1
C314 0 0
C315 1 0
C316 1 0
A317 1 0
C464 1 0
C465 1 0
C466 1 0
C467 0 0
C318 1 0
C319 1 0
C320 1 0
C321 1 0
C174 1 0
C175 1 0
A176 1 0
C193 1 0
A194 1 0
A216 1 1
C468 0 0
C469 1 0
C470 1 0
C471 1 0
C217 1 0
C218 1 0
C219 0 0
C220 0 0
A221 1 0
C294 1 0
C295 0 0
C296 1 0
C297 0 0
C298 0 0
C222 0 0
A223 0 2
C432 0 0
C433 1 0
C434 1 0
C435 1 0
C436 1 0
C437 1 0
C438 1 0
C439 1 0
C440 1 0
C224 1 0
C195 1 0
C196 1 0
C197 0 0
C198 0 0
C104 1 0
C105 1 0
A24 0 1
A91 0 0
C332 1 0
C333 0 0
C334 1 0
C335 0 0
C336 0 0
C337 1 0
C338 0 0
C339 1 0
C340 1 0
C92 1 0
C93 1 0
A94 1 0
C477 1 0
C478 1 0
C479 0 0
C480 0 0
C481 0 0
A95 1 2
A129 0 1
C457 0 0
C458 1 0
C459 1 0
C460 1 0
C461 1 0
C462 1 0
C463 1 0
A130 1 0
C136 1 0
C137 0 0
C138 1 0
A139 1 0
C206 1 0
C207 0 0
C208 1 0
C209 0 0
C140 0 0
C141 1 0
C142 1 0
C131 1 0
A132 1 0
A236 1 0
C245 1 0
A237 1 1
C388 0 0
C389 1 0
C390 1 0
C391 1 0
C133 1 0
A96 1 0
C492 1 0
C493 0 0
C494 1 0
C495 1 0
C496 1 0
C497 1 0
C498 1 0
C499 0 0
C500 0 0
A97 1 2
C322 0 0
C323 1 0
C324 1 0
C325 1 0
C326 1 0
C327 1 0
A328 1 0
C348 1 0
C349 1 0
C350 1 0
C351 1 0
C329 1 0
C330 1 0
C331 1 0
C98 1 0
C99 1 0
C25 0 0
C26 0 0
C27 0 0
A28 0 1
C29 0 0
A30 1 0
C151 1 0
C152 1 0
A153 0 0
C210 1 0
C211 1 0
C212 1 0
C213 0 0
C154 0 0
C155 1 0
C156 0 0
C157 1 0
C31 1 0
A32 1 1
C266 0 0
C33 0 0
A34 1 2
A38 0 0
A54 1 0
C134 1 0
A135 1 0
C352 1 0
C55 0 0
A56 0 1
C116 0 0
A117 1 1
C158 0 0
C159 1 0
C160 1 0
C161 1 0
A162 1 1
C442 0 0
C443 1 0
C444 1 0
C445 1 0
C446 1 0
A447 1 0
C482 1 0
C483 0 0
C484 1 0
C485 0 0
C163 1 0
C164 1 0
C165 1 0
C166 1 0
C167 1 0
A118 1 1
C214 0 0
C215 1 0
C57 0 0
C58 1 0
C59 0 0
C39 1 0
C40 1 0
C41 1 0
C42 1 0
A43 1 0
C246 1 0
C247 0 0
C248 1 0
C249 1 0
C250 0 0
C251 1 0
C252 1 0
C35 1 0
C36 1 0
C37 1 0
C18 1 0
A9 1 1
C44 0 0
A45 1 2
C178 0 0
A179 1 1
C401 0 0
C402 1 0
C403 1 0
C404 1 0
C405 1 0
C180 1 0
A46 1 2
C82 0 0
A83 1 2
A89 0 0
C143 1 0
A144 0 0
C199 1 0
C200 1 0
C201 1 0
C202 1 0
A203 0 2
C441 0 0
A204 0 0
C265 1 0
C205 0 0
C145 1 0
A146 0 0
C362 1 0
A147 0 1
C253 0 0
C254 1 0
C255 1 0
C148 1 0
C149 0 0
C150 0 0
C90 1 0
C84 1 0
C85 1 0
C86 1 0
A87 1 0
C284 1 0
C285 0 0
C286 0 0
C287 0 0
C288 0 0
C289 1 0
A88 1 0
A225 1 0
C473 1 0
C474 0 0
C475 1 0
C476 1 0
C226 0 0
C227 0 0
A228 1 2
C238 0 0
C239 1 0
A240 1 0
C353 1 0
C354 1 0
C355 1 0
C356 1 0
C357 1 0
C358 0 0
C359 1 0
C360 0 0
C361 1 0
C241 1 0
A242 1 2
C299 0 0
C300 1 0
C301 1 0
C243 1 0
C244 1 0
C229 0 0
C230 0 0
C231 1 0
C232 0 0
C233 0 0
C47 1 0
A48 1 2
C345 0 0
C346 1 0
C347 1 0
C49 1 0
C50 1 0
A51 1 0
C415 1 0
C416 0 0
A52 1 0
C256 1 0
C257 1 0
C53 1 0
A10 0 0
C60 1 0
A61 1 2
A111 0 2
C258 0 0
A259 1 2
C306 0 0
C307 1 0
C308 1 0
C309 1 0
C310 1 0
C311 1 0
A312 1 0
C381 1 0
C382 1 0
C383 0 0
C384 1 0
C385 1 0
C386 1 0
C387 0 0
C313 1 0
C260 1 0
C261 1 0
C262 1 0
A263 1 1
C406 0 0
C407 1 0
C408 1 0
C409 1 0
C410 1 0
C411 1 0
C412 1 0
C413 1 0
C414 1 0
C264 1 0
C112 1 0
C113 1 0
C114 1 0
C115 1 0
C62 1 0
A63 0 0
C119 1 0
C120 1 0
C121 1 0
A122 0 1
C177 0 0
C123 0 0
C124 0 0
C125 0 0
C126 1 0
C127 1 0
A128 0 2
C181 0 0
A182 1 2
C486 0 0
C487 1 0
C488 1 0
C489 1 0
C490 1 0
C491 1 0
C64 0 0
1 2
2 3
3 4
4 5
5 6
6 7
7 8
8 9
9 10
10 11
11 12
12 13
12 14
14 15
15 16
15 17
17 18
18 19
19 20
20 21
21 22
22 23
23 24
24 25
24 26
26 27
26 28
28 29
29 30
30 31
31 32
32 33
33 34
34 35
35 36
36 37
37 38
38 39
39 40
39 41
41 42
42 43
43 44
44 45
45 46
46 47
47 48
48 49
49 50
50 51
51 52
52 53
52 54
52 55
52 56
56 57
57 58
58 59
59 60
60 61
61 62
62 63
63 64
64 65
65 66
65 67
67 68
68 69
69 70
70 71
71 72
72 73
73 74
74 75
75 76
75 77
77 78
77 79
79 80
80 81
81 82
82 83
83 84
84 85
85 86
86 87
87 88
88 89
89 90
90 91
91 92
92 93
93 94
94 95
95 96
96 97
97 98
98 99
98 100
98 101
101 102
102 103
103 104
104 105
104 106
106 107
106 110
107 108
107 109
110 111
111 112
112 113
113 114
114 115
115 116
116 117
117 118
118 119
118 120
120 121
121 122
122 123
123 124
124 125
125 126
126 127
127 128
128 129
129 130
129 131
131 132
131 134
132 133
134 135
135 136
136 137
137 138
138 139
139 140
140 141
141 142
142 143
143 144
144 145
145 146
146 147
147 148
148 149
149 150
150 151
151 152
152 153
152 154
154 155
155 156
156 157
156 158
158 159
159 160
160 161
161 162
162 163
163 164
164 165
165 166
166 167
166 168
168 169
169 170
170 171
171 172
172 173
173 174
174 175
175 176
176 177
176 178
178 179
179 180
180 181
181 182
182 183
183 184
184 185
185 186
186 187
187 188
187 189
187 190
190 191
191 192
191 194
192 193
194 195
194 196
196 197
197 198
198 199
199 200
200 201
201 202
202 203
203 204
204 205
205 206
205 207
207 208
208 209
209 210
210 211
211 212
212 213
213 214
213 215
215 216
216 217
217 218
218 219
219 220
220 221
221 222
222 223
222 224
224 225
225 226
226 227
227 228
228 229
229 230
230 231
231 232
231 233
233 234
234 235
234 236
236 237
237 238
238 239
238 240
240 241
241 242
242 243
242 245
242 246
243 244
246 247
247 248
248 249
249 250
250 251
251 252
252 253
253 254
254 255
254 256
256 257
257 258
258 259
259 260
260 261
261 262
262 263
263 264
264 265
265 266
266 267
266 268
268 269
269 270
269 271
271 272
271 273
273 274
274 275
275 276
276 277
277 278
278 279
279 280
280 281
281 282
282 283
283 284
284 285
284 286
286 287
287 288
288 289
288 290
290 291
291 292
291 293
293 294
294 295
295 296
296 297
297 298
297 300
298 299
300 301
301 302
302 303
303 304
304 305
305 306
306 307
307 308
308 309
309 310
310 311
311 312
312 313
313 314
314 315
315 316
316 317
316 319
317 318
319 320
320 321
321 322
322 323
322 324
324 325
324 327
325 326
327 328
328 329
328 330
330 331
331 332
332 333
333 334
334 335
335 336
336 337
337 338
338 339
339 340
339 342
339 345
339 346
340 341
342 343
343 344
346 347
347 348
348 349
349 350
350 351
351 352
352 353
353 354
354 355
354 356
354 357
357 358
358 359
359 360
360 361
361 362
362 363
363 364
364 365
365 366
366 367
367 368
367 369
369 370
369 371
369 372
372 373
373 374
373 375
375 376
376 377
377 378
377 379
379 380
380 381
380 382
380 383
383 384
384 385
385 386
386 387
387 388
388 389
389 390
390 391
391 392
391 393
393 394
394 395
395 396
396 397
397 398
397 399
399 400
400 401
401 402
402 403
403 404
404 405
405 406
406 407
407 408
408 409
409 410
410 411
411 412
412 413
412 414
414 415
415 416
416 417
417 418
417 419
419 420
419 421
421 422
422 423
423 424
423 426
424 425
426 427
427 428
428 429
429 430
429 431
431 432
432 433
433 434
434 435
434 436
436 437
437 438
437 439
437 440
440 441
441 442
442 443
443 444
444 445
445 446
446 447
447 448
448 449
449 450
450 451
451 452
452 453
453 454
454 455
455 456
456 457
457 458
458 459
458 460
458 461
461 462
462 463
463 464
464 465
465 466
466 467
467 468
468 469
469 470
470 471
471 472
472 473
472 474
472 475
475 476
476 477
477 478
477 479
479 480
480 481
481 482
482 483
483 484
484 485
484 486
486 487
487 488
488 489
489 490
490 491
491 492
492 493
493 494
494 495
495 496
496 497
496 500
497 498
498 499
