500 0
A1 1 0
C2 1 0
A3 0 0
C7 1 0
A8 0 1
A20 0 0
C65 1 0
A66 1 1
C84 0 0
C85 1 0
A86 1 0
C142 1 0
C143 0 0
C144 1 0
C145 0 0
C146 0 0
C147 0 0
C148 0 0
C149 0 0
C87 1 0
C88 1 0
C89 1 0
C90 1 0
C91 1 0
A92 1 0
C430 1 0
C431 1 0
C432 1 0
C93 1 0
A67 1 0
C256 1 0
C257 1 0
C258 1 0
C21 1 0
C22 1 0
C23 1 0
A24 1 0
C32 1 0
C33 1 0
C34 1 0
A35 1 0
A50 1 0
C58 1 0
C59 0 0
C60 1 0
C61 0 0
A51 1 0
A275 1 1
C411 0 0
C412 1 0
C413 1 0
C414 1 0
C415 1 0
C416 1 0
C276 0 0
C277 1 0
A278 1 0
C332 1 0
C333 0 0
C279 0 0
A52 1 0
C302 1 0
C303 0 0
C304 1 0
C305 0 0
C306 1 0
C307 0 0
C308 0 0
C53 1 0
A54 0 1
C424 0 0
C425 1 0
C426 1 0
C427 1 0
C428 1 0
C429 1 0
A36 1 0
C62 1 0
A63 1 0
C205 1 0
C206 0 0
C207 1 0
A208 1 1
A234 0 0
C280 1 0
C281 1 0
C282 0 0
C283 0 0
C284 1 0
C285 1 0
C286 0 0
A287 0 0
C487 1 0
C488 0 0
C489 0 0
A235 1 2
C473 0 0
C474 1 0
C475 1 0
C476 1 0
C477 1 0
C478 1 0
C479 1 0
C480 1 0
C236 1 0
C237 1 0
A209 0 0
C448 1 0
C449 1 0
C450 1 0
C451 0 0
A452 1 2
C498 0 0
C499 1 0
C500 1 0
C453 0 0
C454 0 0
C455 0 0
C456 1 0
C457 1 0
A64 1 1
C367 0 0
C368 1 0
C369 1 0
A370 1 0
C384 1 0
A385 1 0
C423 1 0
C386 1 0
C387 1 0
C388 0 0
A389 1 0
C481 1 0
C390 0 0
C391 1 0
C392 0 0
A37 0 1
A68 0 2
C170 0 0
C171 1 0
C172 1 0
A173 1 0
C440 1 0
C441 0 0
C442 0 0
C443 1 0
C444 1 0
C445 0 0
C446 0 0
C447 0 0
C174 1 0
A175 1 0
C210 1 0
C211 1 0
A212 0 1
C350 0 0
C213 0 0
A214 0 0
C342 1 0
C343 1 0
C344 1 0
C345 1 0
C346 0 0
C347 1 0
C348 1 0
C349 0 0
C215 0 0
C216 0 0
C217 1 0
C218 0 0
C219 1 0
A69 1 2
A71 0 0
C163 1 0
C164 1 0
C165 0 0
C166 0 0
C167 0 0
C168 0 0
C169 0 0
A72 1 0
C137 1 0
C138 1 0
C139 0 0
C140 1 0
C141 0 0
A73 1 0
A296 1 2
C317 0 0
C318 1 0
C319 1 0
C320 1 0
C297 0 0
A298 1 1
C334 0 0
C335 1 0
A336 1 2
C482 0 0
C483 1 0
C484 1 0
C485 1 0
C486 1 0
C337 1 0
A338 1 0
C393 1 0
C394 0 0
C339 1 0
C340 1 0
C341 1 0
C299 0 0
C300 1 0
A74 1 0
C293 1 0
C294 0 0
C295 1 0
A75 1 1
C230 0 0
C231 1 0
C232 1 0
A233 1 0
C264 1 0
A265 0 0
C271 1 0
C272 0 0
C273 1 0
C274 1 0
C266 1 0
C267 1 0
C268 1 0
C269 0 0
C270 1 0
C76 1 0
C70 1 0
C38 1 0
A25 1 1
C94 0 0
C95 1 0
C96 1 0
A97 1 0
A121 1 1
C395 0 0
C396 1 0
C397 1 0
C398 1 0
A122 1 2
A133 0 1
C417 0 0
C418 1 0
C419 1 0
C134 1 0
C135 1 0
A136 1 1
C150 0 0
A151 1 2
A155 0 0
C351 1 0
A352 1 0
C371 1 0
C372 0 0
C373 0 0
C353 1 0
A354 0 0
C420 1 0
C421 1 0
C422 0 0
C355 0 0
C356 0 0
C357 0 0
C156 1 0
C152 1 0
C153 1 0
C154 1 0
C123 0 0
A124 1 0
C238 1 0
C125 1 0
A126 0 1
C458 0 0
C459 1 0
C460 1 0
C461 1 0
C462 1 0
C463 1 0
C464 1 0
C127 1 0
C128 1 0
A129 1 2
C186 0 0
C187 1 0
C130 1 0
C98 1 0
C99 1 0
A26 1 1
C202 0 0
C203 1 0
A204 1 1
C239 0 0
C240 1 0
C241 1 0
A242 1 2
C374 0 0
C375 1 0
C376 1 0
C377 1 0
C378 1 0
C379 1 0
C380 1 0
C381 1 0
C382 1 0
C383 1 0
C243 1 0
C244 1 0
C245 1 0
C27 1 0
A4 1 1
A9 0 2
A49 0 1
C77 0 0
C78 1 0
A10 0 1
C131 0 0
C132 1 0
C11 1 0
C12 1 0
C13 1 0
C14 1 0
A15 1 1
A16 0 2
C112 0 0
C113 1 0
A114 1 0
C181 1 0
C182 1 0
A183 0 0
C309 1 0
C310 1 0
C311 0 0
C312 1 0
C313 1 0
C314 0 0
C315 0 0
C316 1 0
C184 0 0
C185 0 0
C115 1 0
C116 1 0
A117 1 2
C433 0 0
C434 1 0
C435 1 0
C436 1 0
C437 1 0
C438 1 0
C439 1 0
C118 1 0
C119 1 0
A120 1 2
C399 0 0
C400 1 0
A17 0 2
C39 0 0
A40 1 1
C55 0 0
A56 1 0
C246 1 0
A247 1 1
C490 0 0
C491 1 0
C492 1 0
C493 1 0
C494 1 0
C495 1 0
C496 1 0
C497 1 0
C248 1 0
C249 0 0
C57 1 0
A41 1 2
A100 0 1
C160 0 0
C161 1 0
A162 1 0
C220 1 0
C221 1 0
C222 1 0
C223 0 0
C224 1 0
C225 0 0
C226 0 0
C227 1 0
C228 1 0
C229 0 0
A101 1 0
C327 1 0
C328 0 0
C329 1 0
C330 1 0
A331 1 0
C360 1 0
C361 1 0
C362 0 0
C363 1 0
C364 1 0
C365 0 0
C366 0 0
C102 1 0
C103 1 0
C104 1 0
A105 1 2
C188 0 0
C189 1 0
C190 1 0
C191 1 0
C192 1 0
C193 1 0
C194 1 0
A195 1 1
C250 0 0
C251 1 0
C252 1 0
C253 1 0
C254 1 0
C255 1 0
A106 1 0
C107 1 0
A108 1 1
C465 0 0
C466 1 0
C467 1 0
C468 1 0
C469 1 0
C470 1 0
C471 1 0
C472 1 0
A109 1 0
C358 1 0
C359 0 0
A110 0 0
C157 1 0
C158 1 0
C159 0 0
C111 0 0
C42 1 0
C43 1 0
C44 1 0
C45 1 0
C46 1 0
A47 1 0
A301 1 0
C321 1 0
C322 1 0
C323 1 0
C324 0 0
C325 1 0
C326 1 0
C48 1 0
A18 1 1
C79 0 0
A80 1 0
C259 1 0
C260 1 0
C261 1 0
C262 0 0
C263 0 0
A81 1 0
A176 1 1
C196 0 0
C197 1 0
A198 1 2
C401 0 0
C402 1 0
C403 1 0
C404 1 0
C405 1 0
C406 1 0
C407 1 0
C408 1 0
C409 1 0
C410 1 0
C199 1 0
C200 1 0
C201 1 0
A177 0 1
C288 0 0
C289 1 0
C290 1 0
C291 1 0
C292 1 0
C178 0 0
C179 1 0
C180 1 0
C82 1 0
C83 1 0
C19 1 0
A5 1 0
C28 1 0
C29 0 0
C30 1 0
C31 0 0
C6 0 0
1 2
2 3
3 4
4 5
5 6
6 7
7 8
8 9
9 10
10 11
11 12
12 13
13 14
14 15
15 16
16 17
17 18
18 19
18 20
20 21
21 22
22 23
23 24
24 25
25 26
26 27
27 28
27 29
27 30
30 31
31 32
31 34
32 33
34 35
35 36
36 37
37 38
38 39
39 40
40 41
41 42
42 43
43 44
44 45
45 46
45 47
47 48
48 49
49 50
50 51
51 52
52 53
53 54
53 55
55 56
56 57
57 58
58 59
58 60
58 61
61 62
62 63
63 64
64 65
65 66
66 67
67 68
67 69
69 70
70 71
71 72
72 73
73 74
74 75
74 77
75 76
77 78
78 79
79 80
80 81
81 82
82 83
83 84
84 85
85 86
86 87
87 88
88 89
89 90
90 91
91 92
92 93
93 94
93 96
94 95
96 97
97 98
98 99
99 100
100 101
101 102
102 103
103 104
103 105
105 106
105 107
107 108
108 109
109 110
110 111
111 112
112 113
113 114
114 115
114 116
116 117
117 118
118 119
118 121
119 120
121 122
122 123
123 124
124 125
125 126
126 127
127 128
127 129
129 130
130 131
131 132
132 133
132 134
132 137
134 135
135 136
137 138
138 139
139 140
140 141
141 142
142 143
143 144
144 145
145 146
146 147
147 148
148 149
149 150
149 151
151 152
152 153
153 154
154 155
155 156
155 157
157 158
158 159
159 160
160 161
161 162
162 163
163 164
164 165
165 166
165 167
167 168
168 169
169 170
169 172
170 171
172 173
173 174
174 175
175 176
176 177
177 178
178 179
179 180
179 181
181 182
182 183
183 184
184 185
185 186
185 187
187 188
188 189
189 190
190 191
191 192
191 193
193 194
194 195
195 196
196 197
197 198
198 199
199 200
200 201
201 202
201 203
203 204
204 205
205 206
205 207
207 208
208 209
208 210
210 211
210 212
212 213
213 214
214 215
214 216
216 217
217 218
218 219
219 220
220 221
221 222
222 223
223 224
224 225
225 226
225 227
227 228
228 229
229 230
229 232
229 233
229 234
229 235
230 231
235 236
236 237
237 238
238 239
239 240
240 241
241 242
242 243
243 244
243 245
245 246
246 247
247 248
248 249
248 250
250 251
251 252
252 253
253 254
254 255
255 256
256 257
257 258
258 259
259 260
259 261
261 262
262 263
263 264
264 265
264 266
266 267
267 268
267 269
267 270
270 271
270 273
271 272
273 274
274 275
274 276
276 277
277 278
278 279
279 280
280 281
281 282
282 283
283 284
283 285
285 286
286 287
287 288
288 289
288 290
288 291
291 292
291 293
293 294
294 295
295 296
296 297
297 298
298 299
299 300
300 301
301 302
302 303
303 304
304 305
305 306
306 307
307 308
308 309
309 310
309 311
309 315
311 312
311 314
312 313
315 316
316 317
317 318
317 320
318 319
320 321
321 322
321 323
323 324
324 325
325 326
326 327
327 328
328 329
329 330
330 331
331 332
332 333
333 334
334 335
335 336
336 337
337 338
338 339
339 340
340 341
341 342
341 343
343 344
343 345
345 346
346 347
347 348
348 349
349 350
350 351
351 352
352 353
353 354
353 355
355 356
356 357
357 358
357 360
358 359
360 361
361 362
362 363
363 364
364 365
365 366
366 367
367 368
368 369
369 370
370 371
371 372
372 373
373 374
373 375
375 376
375 377
375 378
378 379
379 380
380 381
381 382
382 383
383 384
384 385
385 386
386 387
387 388
388 389
389 390
390 391
390 393
391 392
393 394
394 395
395 396
396 397
397 398
398 399
399 400
400 401
401 402
402 403
403 404
403 406
404 405
406 407
407 408
408 409
409 410
410 411
411 412
412 413
413 414
414 415
415 416
416 417
417 418
418 419
419 420
420 421
421 422
421 424
422 423
424 425
425 426
426 427
427 428
428 429
429 430
430 431
431 432
432 433
433 434
433 435
435 436
436 437
436 438
438 439
439 440
439 443
440 441
440 442
443 444
444 445
445 446
446 447
447 448
448 449
449 450
450 451
451 452
452 453
453 454
453 456
453 457
454 455
457 458
458 459
459 460
460 461
461 462
462 463
463 464
463 465
465 466
466 467
467 468
468 469
469 470
470 471
471 472
472 473
473 474
474 475
475 476
476 477
477 478
478 479
478 480
480 481
481 482
481 483
483 484
484 485
485 486
486 487
487 488
487 489
489 490
490 491
490 492
490 495
492 493
492 494
495 496
496 497
497 498
498 499
498 500
