200 0
A1 1 0
C2 1 0
A3 0 0
C7 1 0
A8 0 1
A20 0 0
C65 1 0
A66 1 1
C84 0 0
C85 0 0
A86 0 0
C142 1 0
C143 0 0
C144 1 0
C145 0 0
C146 0 0
C147 0 0
C148 0 0
C149 0 0
C87 0 0
C88 0 0
C89 0 0
C90 0 0
C91 0 0
C92 0 0
C93 0 0
C67 1 0
C21 0 0
C22 0 0
C23 0 0
A24 0 0
C32 1 0
C33 1 0
C34 1 0
A35 1 0
A50 1 0
C58 1 0
C59 0 0
C60 1 0
C61 0 0
C51 1 0
C52 1 0
C53 1 0
C54 0 0
A36 1 0
C62 1 0
C63 1 0
C64 1 0
A37 0 1
A68 0 2
C170 0 0
C171 0 0
C172 0 0
C173 0 0
C174 0 0
C175 0 0
A69 0 2
A71 0 0
C163 1 0
C164 1 0
C165 0 0
C166 0 0
C167 0 0
C168 0 0
C169 0 0
A72 0 0
C137 1 0
C138 1 0
C139 0 0
C140 1 0
C141 0 0
C73 0 0
C74 0 0
C75 0 0
C76 0 0
C70 0 0
C38 1 0
A25 0 1
C94 0 0
C95 0 0
C96 0 0
A97 0 0
C121 1 0
A122 1 2
C133 0 0
C134 0 0
C135 0 0
A136 0 1
C150 0 0
A151 0 2
C155 0 0
C156 0 0
C152 0 0
C153 0 0
C154 0 0
C123 0 0
C124 1 0
C125 1 0
C126 0 0
C127 1 0
C128 1 0
A129 1 2
C186 0 0
C187 0 0
C130 1 0
C98 0 0
C99 0 0
C26 0 0
C27 0 0
A4 1 1
A9 0 2
A49 0 1
C77 0 0
C78 0 0
A10 0 1
C131 0 0
C132 0 0
C11 0 0
C12 0 0
C13 0 0
C14 0 0
A15 0 1
A16 0 2
C112 0 0
C113 0 0
A114 0 0
C181 1 0
C182 1 0
C183 0 0
C184 0 0
C185 0 0
C115 0 0
C116 0 0
C117 0 0
C118 0 0
C119 0 0
C120 0 0
A17 0 2
C39 0 0
A40 0 1
C55 0 0
C56 0 0
C57 0 0
A41 0 2
A100 0 1
C160 0 0
C161 0 0
C162 0 0
C101 0 0
C102 0 0
C103 0 0
C104 0 0
A105 0 2
C188 0 0
C189 0 0
C190 0 0
C191 0 0
C192 0 0
C193 0 0
C194 0 0
C195 0 0
A106 0 0
C107 1 0
C108 1 0
C109 1 0
A110 0 0
C157 1 0
C158 1 0
C159 0 0
C111 0 0
C42 0 0
C43 0 0
C44 0 0
C45 0 0
C46 0 0
C47 0 0
C48 0 0
A18 0 1
C79 0 0
C80 0 0
A81 0 0
A176 1 1
C196 0 0
C197 0 0
C198 0 0
C199 0 0
C200 0 0
C177 0 0
C178 0 0
C179 1 0
C180 1 0
C82 0 0
C83 0 0
C19 0 0
A5 1 0
C28 1 0
C29 0 0
C30 1 0
C31 0 0
C6 0 0
1 2
1 3
1 110
1 195
1 200
3 4
3 5
5 6
5 28
5 29
5 30
5 31
5 78
5 108
5 109
6 7
6 8
6 27
8 9
8 10
8 11
8 20
8 21
8 22
8 23
8 24
8 25
8 26
138 139
138 140
138 144
138 171
138 172
138 173
138 174
138 175
138 176
138 177
11 12
11 13
11 14
11 15
11 16
11 17
11 18
11 19
140 141
140 142
140 143
144 145
144 149
144 150
144 151
144 152
144 153
144 162
145 146
145 147
145 148
153 154
153 155
153 156
153 157
153 158
153 159
153 160
153 161
31 32
31 33
31 34
31 35
31 45
31 49
31 77
162 163
162 164
162 165
162 166
162 170
35 36
35 41
35 42
35 43
35 44
36 37
36 38
36 39
36 40
166 167
166 168
166 169
178 179
178 180
178 181
178 192
178 193
45 46
45 47
45 48
49 50
49 57
49 76
50 51
50 52
50 53
50 54
50 55
50 56
181 182
181 188
181 189
181 190
181 191
182 183
182 184
182 185
182 186
182 187
57 58
57 66
57 72
57 73
57 74
57 75
58 59
58 60
58 61
58 62
58 63
58 64
58 65
66 67
66 68
66 69
66 70
66 71
195 196
195 197
195 198
195 199
78 79
78 80
78 81
78 82
78 106
78 107
82 83
82 84
82 96
82 97
82 98
82 99
82 100
82 101
82 102
82 105
84 85
84 86
84 87
84 88
88 89
88 90
88 93
88 94
88 95
90 91
90 92
102 103
102 104
110 111
110 115
110 118
110 119
110 120
110 121
110 122
111 112
112 113
112 114
115 116
115 117
122 123
122 138
122 178
122 194
123 124
123 125
123 126
123 132
123 133
123 134
123 135
123 136
123 137
126 127
126 128
126 129
126 130
126 131

